octave:7> log
log =

    498.235    218.016    705.899   5443.000
    435.399    240.398    675.291   5483.000
    416.263    240.004    670.072   5522.000
    394.315    241.046    669.566   5563.000
    352.725    247.199    694.578   5603.000
    332.059    246.256    705.679   5642.000
    312.189    245.058    723.776   5682.000
    294.419    245.835    747.446   5722.000
    280.823    246.578    771.441   5763.000
    269.799    254.593    825.088   5803.000
    265.205    252.086    845.682   5842.000
    263.909    250.213    866.720   5882.000
    264.126    245.369    886.386   5920.000
    266.031    240.660    904.542   5959.000
    270.748    236.489    923.504   6001.000
    286.584    231.785    959.424   6039.000
    295.351    228.691    975.847   6078.000
    304.155    225.846    990.585   6120.000
    313.183    224.344   1002.670   6162.000
    332.644    226.803   1020.510   6202.000
    342.370    226.962   1026.230   6242.000
    351.599    226.160   1030.960   6281.000
    360.242    227.692   1031.040   6321.000
    369.385    226.545   1030.850   6359.000
    380.538    226.660   1027.270   6400.000
    401.811    230.488   1017.620   6440.000
    413.249    230.496   1010.660   6478.000
    421.572    230.920   1003.580   6515.000
    432.096    228.531    999.163   6553.000
    441.853    227.021    992.943   6594.000
    458.878    229.194    975.640   6632.000
    467.169    226.548    964.353   6669.000
    475.453    221.423    951.779   6708.000
    482.924    217.789    936.218   6747.000
    488.469    213.946    916.942   6789.000
    494.307    209.072    896.129   6828.000
    502.517    203.357    848.361   6868.000
    505.286    197.948    822.429   6907.000
    506.955    194.033    796.854   6947.000
    506.036    190.433    770.473   6987.000
    502.594    189.117    745.496   7028.000
    483.175    194.612    711.271   7066.000
    470.984    192.771    699.457   7105.000
    457.191    192.010    693.797   7143.000
    442.281    189.864    692.794   7183.000
    425.550    186.925    694.135   7224.000
    408.329    183.551    699.342   7263.000
    368.900    179.018    719.994   7308.000
    349.369    173.250    732.844   7346.000
    332.094    170.841    749.639   7388.000
    318.126    169.626    770.287   7427.000
    304.611    167.071    791.156   7471.000
    288.155    170.879    834.083   7515.000
    283.168    170.769    854.506   7554.000
    280.305    169.752    874.423   7594.000
    279.795    166.467    893.717   7637.000
    282.501    158.149    930.231   7681.000
    285.705    152.535    946.648   7719.000
    291.624    147.071    962.878   7756.000
    298.609    143.584    976.395   7800.000
    315.752    139.510    999.372   7839.000
    324.696    136.403   1010.490   7877.000
    333.702    133.753   1019.530   7915.000
    342.538    130.810   1026.030   7955.000
    351.762    128.520   1028.440   8006.000
    372.365    123.238   1025.810   8052.000
    382.384    119.066   1021.410   8100.000
    402.027    112.013   1009.570   8146.000
    411.055    107.331   1003.260   8186.000
    420.630    102.024    996.861   8227.000
    429.973     99.522    986.708   8265.000
    449.330     96.804    963.508   8305.000
    458.227     93.065    951.398   8345.000
    467.726     89.408    938.712   8382.000
    478.598     85.910    922.812   8422.000
    489.361     83.167    906.059   8462.000
    510.365     74.589    869.459   8502.000
    520.888     66.154    849.610   8541.000
    530.569     58.992    828.678   8580.000
    534.726     57.206    806.951   8620.000
    537.660     54.256    786.568   8659.000
    536.810     51.770    766.086   8697.000
    527.247     49.423    735.427   8740.000
    517.779     45.516    718.665   8804.000
    497.162     46.382    703.182   8853.000
    484.331     42.993    696.104   8911.000
    448.944     45.372    695.219   8958.000
    429.412     43.349    695.588   9004.000
    385.769     47.994    710.235   9055.000
    364.688     45.638    717.914   9107.000

octave:8> 

octave:2> log
octave:3> recording 
