recording = [
498.235 , 218.016 , 705.899 , 5443 
435.399 , 240.398 , 675.291 , 5483 
416.263 , 240.004 , 670.072 , 5522 
394.315 , 241.046 , 669.566 , 5563 
352.725 , 247.199 , 694.578 , 5603 
332.059 , 246.256 , 705.679 , 5642 
312.189 , 245.058 , 723.776 , 5682 
294.419 , 245.835 , 747.446 , 5722 
280.823 , 246.578 , 771.441 , 5763 
269.799 , 254.593 , 825.088 , 5803 
265.205 , 252.086 , 845.682 , 5842 
263.909 , 250.213 , 866.72 , 5882 
264.126 , 245.369 , 886.386 , 5920 
266.031 , 240.66 , 904.542 , 5959 
270.748 , 236.489 , 923.504 , 6001 
286.584 , 231.785 , 959.424 , 6039 
295.351 , 228.691 , 975.847 , 6078 
304.155 , 225.846 , 990.585 , 6120 
313.183 , 224.344 , 1002.67 , 6162 
332.644 , 226.803 , 1020.51 , 6202 
342.37 , 226.962 , 1026.23 , 6242 
351.599 , 226.16 , 1030.96 , 6281 
360.242 , 227.692 , 1031.04 , 6321 
369.385 , 226.545 , 1030.85 , 6359 
380.538 , 226.66 , 1027.27 , 6400 
401.811 , 230.488 , 1017.62 , 6440 
413.249 , 230.496 , 1010.66 , 6478 
421.572 , 230.92 , 1003.58 , 6515 
432.096 , 228.531 , 999.163 , 6553 
441.853 , 227.021 , 992.943 , 6594 
458.878 , 229.194 , 975.64 , 6632 
467.169 , 226.548 , 964.353 , 6669 
475.453 , 221.423 , 951.779 , 6708 
482.924 , 217.789 , 936.218 , 6747 
488.469 , 213.946 , 916.942 , 6789 
494.307 , 209.072 , 896.129 , 6828 
502.517 , 203.357 , 848.361 , 6868 
505.286 , 197.948 , 822.429 , 6907 
506.955 , 194.033 , 796.854 , 6947 
506.036 , 190.433 , 770.473 , 6987 
502.594 , 189.117 , 745.496 , 7028 
483.175 , 194.612 , 711.271 , 7066 
470.984 , 192.771 , 699.457 , 7105 
457.191 , 192.01 , 693.797 , 7143 
442.281 , 189.864 , 692.794 , 7183 
425.55 , 186.925 , 694.135 , 7224 
408.329 , 183.551 , 699.342 , 7263 
368.9 , 179.018 , 719.994 , 7308 
349.369 , 173.25 , 732.844 , 7346 
332.094 , 170.841 , 749.639 , 7388 
318.126 , 169.626 , 770.287 , 7427 
304.611 , 167.071 , 791.156 , 7471 
288.155 , 170.879 , 834.083 , 7515 
283.168 , 170.769 , 854.506 , 7554 
280.305 , 169.752 , 874.423 , 7594 
279.795 , 166.467 , 893.717 , 7637 
282.501 , 158.149 , 930.231 , 7681 
285.705 , 152.535 , 946.648 , 7719 
291.624 , 147.071 , 962.878 , 7756 
298.609 , 143.584 , 976.395 , 7800 
315.752 , 139.51 , 999.372 , 7839 
324.696 , 136.403 , 1010.49 , 7877 
333.702 , 133.753 , 1019.53 , 7915 
342.538 , 130.81 , 1026.03 , 7955 
351.762 , 128.52 , 1028.44 , 8006 
372.365 , 123.238 , 1025.81 , 8052 
382.384 , 119.066 , 1021.41 , 8100 
402.027 , 112.013 , 1009.57 , 8146 
411.055 , 107.331 , 1003.26 , 8186 
420.63 , 102.024 , 996.861 , 8227 
429.973 , 99.5219 , 986.708 , 8265 
449.33 , 96.804 , 963.508 , 8305 
458.227 , 93.0653 , 951.398 , 8345 
467.726 , 89.4083 , 938.712 , 8382 
478.598 , 85.91 , 922.812 , 8422 
489.361 , 83.1669 , 906.059 , 8462 
510.365 , 74.5894 , 869.459 , 8502 
520.888 , 66.1539 , 849.61 , 8541 
530.569 , 58.9923 , 828.678 , 8580 
534.726 , 57.2064 , 806.951 , 8620 
537.66 , 54.2561 , 786.568 , 8659 
536.81 , 51.7703 , 766.086 , 8697 
527.247 , 49.4233 , 735.427 , 8740 
517.779 , 45.5155 , 718.665 , 8804 
497.162 , 46.3815 , 703.182 , 8853 
484.331 , 42.9931 , 696.104 , 8911 
448.944 , 45.372 , 695.219 , 8958 
429.412 , 43.3487 , 695.588 , 9004 
385.769 , 47.9943 , 710.235 , 9055 
364.688 , 45.6383 , 717.914 , 9107 
];
