data = [[ -432 , -488 , 1922 ],
[ -410 , -424 , 1920 ],
[ -410 , -424 , 1920 ],
[ -410 , -423 , 1920 ],
[ -410 , -414 , 1921 ],
[ -411 , -395 , 1923 ],
[ -411 , -395 , 1923 ],
[ -413 , -378 , 1926 ],
[ -416 , -360 , 1931 ],
[ -418 , -342 , 1935 ],
[ -420 , -324 , 1938 ],
[ -422 , -305 , 1941 ],
[ -421 , -285 , 1946 ],
[ -420 , -268 , 1951 ],
[ -416 , -250 , 1957 ],
[ -412 , -235 , 1963 ],
[ -406 , -221 , 1970 ],
[ -394 , -204 , 1978 ],
[ -382 , -191 , 1986 ],
[ -369 , -180 , 1995 ],
[ -358 , -171 , 2003 ],
[ -358 , -171 , 2003 ],
[ -346 , -161 , 2014 ],
[ -332 , -148 , 2023 ],
[ -320 , -137 , 2032 ],
[ -320 , -137 , 2032 ],
[ -308 , -125 , 2039 ],
[ -294 , -112 , 2049 ],
[ -279 , -99 , 2058 ],
[ -263 , -87 , 2066 ],
[ -252 , -80 , 2073 ],
[ -242 , -75 , 2079 ],
[ -229 , -69 , 2086 ],
[ -213 , -63 , 2096 ],
[ -198 , -57 , 2111 ],
[ -185 , -53 , 2126 ],
[ -176 , -51 , 2143 ],
[ -169 , -49 , 2157 ],
[ -164 , -49 , 2169 ],
[ -161 , -49 , 2178 ],
[ -157 , -49 , 2188 ],
[ -154 , -50 , 2198 ],
[ -152 , -52 , 2206 ],
[ -150 , -55 , 2213 ],
[ -149 , -61 , 2220 ],
[ -149 , -66 , 2227 ],
[ -149 , -71 , 2233 ],
[ -149 , -73 , 2238 ],
[ -150 , -75 , 2242 ],
[ -150 , -76 , 2244 ],
[ -150 , -77 , 2246 ],
[ -150 , -77 , 2246 ],
[ -150 , -77 , 2246 ],
[ -151 , -82 , 2245 ],
[ -159 , -93 , 2241 ],
[ -166 , -102 , 2235 ],
[ -169 , -104 , 2234 ],
[ -169 , -104 , 2234 ],
[ -169 , -104 , 2234 ],
[ -169 , -101 , 2231 ],
[ -169 , -94 , 2227 ],
[ -170 , -89 , 2223 ],
[ -172 , -85 , 2219 ],
[ -177 , -83 , 2213 ],
[ -205 , -100 , 2195 ],
[ -205 , -100 , 2195 ],
[ -221 , -108 , 2181 ],
[ -230 , -111 , 2168 ],
[ -225 , -99 , 2153 ],
[ -225 , -95 , 2140 ],
[ -232 , -93 , 2122 ],
[ -238 , -91 , 2105 ],
[ -246 , -90 , 2089 ],
[ -254 , -91 , 2072 ],
[ -262 , -95 , 2056 ],
[ -270 , -100 , 2040 ],
[ -277 , -105 , 2024 ],
[ -283 , -112 , 2010 ],
[ -290 , -122 , 1994 ],
[ -295 , -131 , 1978 ],
[ -301 , -141 , 1961 ],
[ -305 , -151 , 1947 ],
[ -309 , -164 , 1932 ],
[ -313 , -178 , 1919 ],
[ -317 , -193 , 1904 ],
[ -321 , -208 , 1891 ],
[ -325 , -225 , 1877 ],
[ -329 , -242 , 1863 ],
[ -332 , -259 , 1849 ],
[ -334 , -276 , 1835 ],
[ -337 , -294 , 1821 ],
[ -339 , -312 , 1808 ],
[ -342 , -331 , 1797 ],
[ -345 , -350 , 1788 ],
[ -347 , -367 , 1780 ],
[ -348 , -383 , 1775 ],
[ -349 , -400 , 1769 ],
[ -350 , -416 , 1765 ],
[ -351 , -432 , 1761 ],
[ -353 , -451 , 1758 ],
[ -359 , -471 , 1756 ],
[ -359 , -471 , 1756 ],
[ -359 , -471 , 1756 ],
[ -359 , -471 , 1756 ],
[ -359 , -471 , 1756 ],
[ -359 , -471 , 1756 ],
[ -359 , -471 , 1756 ],
[ -359 , -471 , 1756 ],
[ -359 , -471 , 1756 ],
[ -359 , -471 , 1756 ],
[ -359 , -471 , 1756 ],
[ -359 , -471 , 1756 ],
[ -359 , -471 , 1756 ],
[ -359 , -471 , 1756 ],
[ -359 , -471 , 1756 ],
[ -359 , -471 , 1756 ],
[ -359 , -471 , 1756 ],
[ -359 , -471 , 1756 ],
[ -359 , -471 , 1756 ],
[ -359 , -471 , 1756 ],
[ -359 , -471 , 1756 ],
[ -359 , -471 , 1756 ],
[ -359 , -471 , 1756 ],
[ -359 , -471 , 1756 ],
[ -359 , -471 , 1756 ],
[ -359 , -471 , 1756 ],
[ -359 , -471 , 1756 ],
[ -359 , -471 , 1756 ],
[ -359 , -471 , 1756 ],
[ -359 , -471 , 1756 ],
[ -197 , -146 , 2230 ],
[ -171 , -123 , 2229 ],
[ -171 , -123 , 2229 ],
[ -171 , -122 , 2228 ],
[ -174 , -117 , 2212 ],
[ -185 , -116 , 2185 ],
[ -196 , -117 , 2159 ],
[ -203 , -119 , 2134 ],
[ -211 , -121 , 2110 ],
[ -221 , -126 , 2086 ],
[ -230 , -131 , 2062 ],
[ -238 , -137 , 2040 ],
[ -244 , -145 , 2015 ],
[ -252 , -154 , 1994 ],
[ -259 , -163 , 1974 ],
[ -265 , -171 , 1959 ],
[ -272 , -180 , 1944 ],
[ -277 , -187 , 1932 ],
[ -282 , -193 , 1921 ],
[ -286 , -199 , 1913 ],
[ -291 , -205 , 1906 ],
[ -295 , -210 , 1900 ],
[ -301 , -216 , 1893 ],
[ -307 , -224 , 1887 ],
[ -312 , -232 , 1879 ],
[ -315 , -238 , 1874 ],
[ -319 , -244 , 1868 ],
[ -323 , -252 , 1861 ],
[ -328 , -264 , 1853 ],
[ -333 , -277 , 1843 ],
[ -337 , -293 , 1832 ],
[ -340 , -312 , 1820 ],
[ -343 , -334 , 1806 ],
[ -346 , -357 , 1793 ],
[ -349 , -379 , 1782 ],
[ -352 , -398 , 1772 ],
[ -356 , -416 , 1763 ],
[ -359 , -435 , 1754 ],
[ -361 , -454 , 1746 ],
[ -364 , -471 , 1740 ],
[ -364 , -471 , 1740 ],
[ -373 , -490 , 1743 ],
[ -373 , -490 , 1743 ],
[ -400 , -517 , 1769 ],
[ -424 , -538 , 1797 ],
[ -424 , -538 , 1797 ],
[ -460 , -564 , 1842 ],
[ -483 , -581 , 1869 ],
[ -509 , -599 , 1898 ],
[ -514 , -604 , 1903 ],
[ -516 , -610 , 1907 ],
[ -517 , -614 , 1909 ],
[ -518 , -619 , 1911 ],
[ -519 , -624 , 1914 ],
[ -523 , -633 , 1923 ],
[ -532 , -643 , 1936 ],
[ -532 , -643 , 1936 ],
[ -532 , -643 , 1936 ],
[ -532 , -643 , 1936 ],
[ -532 , -643 , 1936 ],
[ -532 , -643 , 1936 ],
[ -532 , -643 , 1936 ],
[ -532 , -643 , 1936 ],
[ -532 , -643 , 1936 ],
[ -532 , -643 , 1936 ],
[ -532 , -643 , 1936 ],
[ -532 , -643 , 1936 ],
[ -532 , -643 , 1936 ],
[ -532 , -643 , 1936 ],
[ -532 , -643 , 1936 ],
[ -532 , -643 , 1936 ],
[ -532 , -643 , 1936 ],
[ -532 , -643 , 1936 ],
[ -532 , -643 , 1936 ],
[ -532 , -643 , 1936 ],
[ -532 , -643 , 1936 ],
[ -532 , -643 , 1936 ],
[ -532 , -643 , 1936 ],
[ -532 , -643 , 1936 ],
[ -532 , -643 , 1936 ],
[ -532 , -643 , 1936 ],
[ -532 , -643 , 1936 ],
[ -532 , -643 , 1936 ],
[ -532 , -643 , 1936 ],
[ -532 , -643 , 1936 ],
[ -487 , -301 , 1913 ],
[ -487 , -301 , 1913 ],
[ -486 , -269 , 1916 ],
[ -486 , -268 , 1916 ],
[ -487 , -260 , 1920 ],
[ -489 , -246 , 1929 ],
[ -489 , -246 , 1929 ],
[ -490 , -236 , 1937 ],
[ -491 , -228 , 1946 ],
[ -491 , -228 , 1946 ],
[ -489 , -222 , 1955 ],
[ -488 , -215 , 1965 ],
[ -485 , -208 , 1978 ],
[ -484 , -200 , 1988 ],
[ -481 , -194 , 1997 ],
[ -478 , -189 , 2004 ],
[ -474 , -181 , 2015 ],
[ -469 , -170 , 2027 ],
[ -471 , -180 , 2032 ],
[ -476 , -202 , 2037 ],
[ -476 , -202 , 2037 ],
[ -482 , -230 , 2040 ],
[ -478 , -228 , 2045 ],
[ -478 , -228 , 2045 ],
[ -462 , -212 , 2064 ],
[ -436 , -170 , 2088 ],
[ -413 , -131 , 2113 ],
[ -397 , -99 , 2134 ],
[ -386 , -87 , 2150 ],
[ -386 , -87 , 2150 ],
[ -375 , -81 , 2164 ],
[ -363 , -78 , 2176 ],
[ -350 , -78 , 2186 ],
[ -350 , -78 , 2186 ],
[ -337 , -75 , 2195 ],
[ -323 , -71 , 2204 ],
[ -310 , -66 , 2209 ],
[ -310 , -66 , 2209 ],
[ -294 , -67 , 2214 ],
[ -276 , -69 , 2221 ],
[ -259 , -72 , 2228 ],
[ -248 , -73 , 2232 ],
[ -237 , -75 , 2232 ],
[ -237 , -75 , 2232 ],
[ -224 , -80 , 2228 ],
[ -212 , -83 , 2226 ],
[ -201 , -86 , 2225 ],
[ -201 , -86 , 2225 ],
[ -190 , -88 , 2227 ],
[ -182 , -91 , 2229 ],
[ -182 , -91 , 2229 ],
[ -172 , -92 , 2234 ],
[ -159 , -87 , 2242 ],
[ -159 , -87 , 2242 ],
[ -149 , -80 , 2248 ],
[ -143 , -78 , 2253 ],
[ -143 , -78 , 2253 ],
[ -136 , -79 , 2258 ],
[ -139 , -98 , 2261 ],
[ -161 , -137 , 2258 ],
[ -193 , -172 , 2253 ],
[ -205 , -183 , 2252 ],
[ -205 , -183 , 2252 ],
[ -205 , -183 , 2252 ],
[ -205 , -183 , 2252 ],
[ -205 , -183 , 2252 ],
[ -205 , -183 , 2252 ],
[ -205 , -183 , 2252 ],
[ -205 , -181 , 2252 ],
[ -205 , -181 , 2252 ],
[ -206 , -176 , 2252 ],
[ -206 , -172 , 2251 ],
[ -206 , -172 , 2251 ],
[ -207 , -165 , 2250 ],
[ -200 , -144 , 2248 ],
[ -188 , -120 , 2247 ],
[ -188 , -120 , 2247 ],
[ -178 , -101 , 2243 ],
[ -178 , -94 , 2240 ],
[ -178 , -94 , 2240 ],
[ -181 , -86 , 2233 ],
[ -186 , -77 , 2225 ],
[ -191 , -68 , 2217 ],
[ -201 , -60 , 2209 ],
[ -201 , -60 , 2209 ],
[ -209 , -52 , 2204 ],
[ -218 , -47 , 2198 ],
[ -218 , -47 , 2198 ],
[ -227 , -44 , 2193 ],
[ -237 , -44 , 2188 ],
[ -245 , -45 , 2186 ],
[ -252 , -45 , 2183 ],
[ -260 , -44 , 2179 ],
[ -268 , -42 , 2173 ],
[ -268 , -42 , 2173 ],
[ -275 , -40 , 2167 ],
[ -284 , -39 , 2161 ],
[ -294 , -37 , 2154 ],
[ -294 , -37 , 2154 ],
[ -303 , -35 , 2145 ],
[ -312 , -34 , 2136 ],
[ -322 , -33 , 2128 ],
[ -322 , -33 , 2128 ],
[ -332 , -33 , 2116 ],
[ -341 , -35 , 2103 ],
[ -341 , -35 , 2103 ],
[ -352 , -38 , 2084 ],
[ -361 , -43 , 2067 ],
[ -369 , -48 , 2049 ],
[ -369 , -48 , 2049 ],
[ -375 , -56 , 2032 ],
[ -375 , -56 , 2032 ],
[ -385 , -83 , 2009 ],
[ -399 , -126 , 1993 ],
[ -412 , -171 , 1979 ],
[ -412 , -171 , 1979 ],
[ -421 , -196 , 1969 ],
[ -420 , -194 , 1952 ],
[ -423 , -200 , 1934 ],
[ -422 , -203 , 1913 ],
[ -428 , -235 , 1900 ],
[ -424 , -239 , 1884 ],
